s0001,1,90,90,90,90,90
s0002,1,71,68,67,97,64
s0003,1,85,96,90,89,58
s0004,1,99,71,86,52,75
s0005,1,91,83,92,99,96
s0006,1,68,98,77,80,63
s0007,1,60,90,88,55,54
s0008,1,84,58,54,99,85
s0009,1,71,92,80,69,92
s0010,1,96,54,73,99,60
s0011,1,53,94,76,89,67
s0012,1,64,97,93,50,83
s0013,1,50,90,64,70,80
s0014,1,79,92,56,69,56
s0015,1,82,84,74,93,56
s0016,1,57,64,74,63,58
s0017,1,54,95,86,50,64
s0018,1,92,68,61,96,91
s0019,1,81,100,98,92,57
s0020,1,75,66,64,83,72
s0021,1,92,99,60,62,89
s0022,1,58,60,87,80,79
s0023,1,100,75,99,66,96
s0024,1,67,95,61,99,75
s0025,1,50,85,80,67,63
s0026,1,96,67,85,55,93
s0027,1,80,56,72,88,95
s0028,1,68,86,78,78,58
s0029,1,93,100,60,51,52
s0030,1,51,64,64,77,93
s0031,1,53,81,88,62,100
s0032,1,70,81,64,65,73
s0033,1,82,91,81,64,82
s0034,1,100,75,83,58,95
s0035,1,71,83,80,73,93
s0036,1,54,64,50,98,54
s0037,1,88,78,63,100,82
s0038,1,88,68,85,54,96
s0039,1,55,80,78,97,87
s0040,1,80,76,77,74,50
s0041,1,81,59,55,83,89
s0042,1,77,96,69,80,89
s0043,1,58,90,77,67,54
s0044,1,71,91,93,75,70
s0045,1,68,68,76,59,81
s0046,1,74,99,100,66,92
s0047,1,100,57,71,79,56
s0048,1,86,59,53,92,81
s0049,1,91,89,100,73,80
s0050,1,57,51,94,95,71
s0051,1,94,91,83,92,56
s0052,1,64,55,53,88,92
s0053,1,52,75,64,50,66
s0054,1,89,88,64,99,54
s0055,1,51,80,52,57,54
s0056,1,94,80,65,97,51
s0057,1,97,54,91,52,57
s0058,1,68,75,85,70,82
s0059,1,85,73,70,60,89
s0060,1,87,90,51,73,87
s0061,1,52,88,59,96,69
s0062,1,55,97,51,54,95
s0063,1,100,91,53,62,94
s0064,1,95,85,70,55,95
s0065,1,82,75,83,100,65
s0066,1,71,81,75,54,76
s0067,1,96,95,86,98,67
s0068,1,51,71,85,77,68
s0069,1,99,71,64,78,78
s0070,1,61,76,56,84,81
s0071,1,56,54,62,63,69
s0072,1,80,67,64,51,98
s0073,1,76,85,69,65,61
s0074,1,65,56,76,100,66
s0075,1,91,73,56,52,93
s0076,1,84,92,55,84,87
s0077,1,51,69,55,97,76
s0078,1,53,50,61,55,77
s0079,1,99,87,74,81,53
s0080,1,93,66,59,92,81
s0081,1,96,74,64,81,53
s0082,1,60,72,71,90,95
s0083,1,57,85,88,100,81
s0084,1,64,96,96,58,75
s0085,1,88,54,85,76,94
s0086,1,61,98,68,99,73
s0087,1,54,77,89,98,99
s0088,1,96,86,78,77,87
s0089,1,75,59,59,83,98
s0090,1,62,100,89,57,56
s0091,1,76,79,56,94,60
s0092,1,66,79,79,53,97
s0093,1,72,82,69,51,94
s0094,1,74,80,51,66,58
s0095,1,89,85,63,69,85
s0096,1,58,52,80,60,65
s0097,1,62,51,54,78,93
s0098,1,83,62,99,61,52
s0099,1,85,56,54,70,89
s0100,1,58,80,75,83,63
s0101,1,93,55,55,98,86
s0102,1,77,97,68,56,64
s0103,1,95,93,55,57,100
s0104,1,99,93,51,78,89
s0105,1,69,53,77,77,51
s0106,1,50,71,50,99,73
s0107,1,50,57,82,83,83
s0108,1,66,77,70,66,54
s0109,1,79,71,99,90,94
s0110,1,60,60,89,94,63
s0111,1,64,72,63,59,97
s0112,1,66,73,54,59,90
s0113,1,89,50,75,60,51
s0114,1,61,60,98,84,87
s0115,1,70,52,83,79,67
s0116,1,98,68,59,72,93
s0117,1,54,96,76,81,94
s0118,1,58,93,90,72,58
s0119,1,52,87,77,99,85
s0120,1,75,78,67,97,95
s0121,1,79,58,59,98,96
s0122,1,97,59,81,97,53
s0123,1,65,62,65,90,75
s0124,1,81,62,82,76,89
s0125,1,86,90,71,86,71
s0126,1,75,98,62,97,51
s0127,1,58,78,76,59,94
s0128,1,53,85,67,51,50
s0129,1,84,61,68,50,86
s0130,1,61,57,78,79,99
s0131,1,69,71,81,94,68
s0132,1,76,93,55,82,52
s0133,1,94,58,83,98,52
s0134,1,50,67,88,92,96
s0135,1,55,76,57,96,85
s0136,1,61,100,56,76,64
s0137,1,77,69,52,81,75
s0138,1,69,70,80,98,70
s0139,1,94,98,60,84,92
s0140,1,80,59,75,73,82
s0141,1,69,53,86,91,51
s0142,1,52,59,93,74,93
s0143,1,84,97,94,94,61
s0144,1,86,50,99,64,68
s0145,1,64,58,85,79,52
s0146,1,86,93,56,51,52
s0147,1,92,76,86,62,94
s0148,1,75,62,96,64,65
s0149,1,60,69,51,96,81
s0150,1,52,53,74,65,50
s0151,1,55,95,78,83,66
s0152,1,69,97,66,92,83
s0153,1,86,58,85,98,80
s0154,1,63,61,100,94,89
s0155,1,85,73,73,89,54
s0156,1,58,68,82,54,79
s0157,1,68,94,62,90,93
s0158,1,59,97,79,85,95
s0159,1,51,83,95,79,94
s0160,1,57,77,80,81,66
s0161,1,61,93,72,62,73
s0162,1,76,51,80,69,58
s0163,1,62,93,55,82,67
s0164,1,75,76,73,94,96
s0165,1,50,87,82,75,89
s0166,1,52,90,78,84,62
s0167,1,54,70,60,67,87
s0168,1,63,81,53,71,66
s0169,1,94,70,95,91,97
s0170,1,90,84,96,54,93
s0171,1,77,91,58,96,57
s0172,1,89,98,80,57,59
s0173,1,74,71,84,77,57
s0174,1,56,69,70,90,90
s0175,1,55,68,62,50,64
s0176,1,87,70,53,62,100
s0177,1,53,55,55,73,73
s0178,1,82,58,84,86,69
s0179,1,77,82,98,79,63
s0180,1,75,79,100,99,59
s0181,1,73,56,85,94,83
s0182,1,70,68,69,86,63
s0183,1,50,90,92,87,71
s0184,1,95,62,97,93,99
s0185,1,52,92,89,69,57
s0186,1,93,69,62,77,90
s0187,1,98,66,70,83,71
s0188,1,61,97,63,62,60
s0189,1,51,78,97,50,63
s0190,1,68,62,86,61,50
s0191,1,73,91,66,77,63
s0192,1,89,83,87,76,67
s0193,1,79,71,88,83,95
s0194,1,94,69,54,53,92
s0195,1,67,68,55,99,65
s0196,1,62,68,78,63,61
s0197,1,74,84,63,54,70
s0198,1,54,93,63,74,76
s0199,1,76,97,51,87,52
s0200,1,94,57,70,90,71
s0201,1,83,74,67,57,79
s0202,1,63,85,64,56,88
s0203,1,92,95,94,81,58
s0204,1,89,85,57,74,95
s0205,1,89,91,77,90,95
s0206,1,70,58,50,57,90
s0207,1,54,99,74,62,60
s0208,1,81,55,95,57,82
s0209,1,51,81,100,60,87
s0210,1,63,94,72,74,74
s0211,1,82,71,58,80,93
s0212,1,68,98,52,60,59
s0213,1,71,95,99,82,87
s0214,1,74,99,63,67,76
s0215,1,65,86,67,80,59
s0216,1,61,72,61,73,63
s0217,1,85,63,82,65,83
s0218,1,62,96,65,53,70
s0219,1,58,86,93,93,67
s0220,1,69,66,85,92,96
s0221,1,83,83,73,67,100
s0222,1,64,75,76,64,85
s0223,1,58,79,78,54,93
s0224,1,65,93,75,70,93
s0225,1,83,68,92,99,70
s0226,1,97,66,74,76,84
s0227,1,62,50,78,76,54
s0228,1,54,56,74,90,58
s0229,1,91,87,57,63,52
s0230,1,82,51,95,58,98
s0231,1,51,86,70,66,64
s0232,1,51,88,60,97,65
s0233,1,86,93,68,64,77
s0234,1,66,52,61,57,58
s0235,1,95,77,69,72,88
s0236,1,60,68,68,86,91
s0237,1,66,54,88,87,76
s0238,1,78,75,82,58,82
s0239,1,73,75,83,83,86
s0240,1,62,79,71,72,53
s0241,1,86,82,97,77,59
s0242,1,84,73,68,56,60
s0243,1,87,71,98,63,93
s0244,1,98,98,95,81,97
s0245,1,100,54,75,57,83
s0246,1,97,96,76,79,93
s0247,1,68,97,81,98,76
s0248,1,91,68,52,59,79
s0249,1,74,52,67,65,92
s0250,1,57,95,74,71,91
s0251,1,70,75,89,86,60
s0252,1,66,70,87,88,78
s0253,1,94,85,82,79,67
s0254,1,81,100,92,95,80
s0255,1,69,52,61,54,89
s0256,1,72,95,61,99,51
s0257,1,55,79,89,83,75
s0258,1,79,83,61,78,55
s0259,1,72,60,85,66,83
s0260,1,55,75,86,90,68
s0261,1,68,78,70,66,80
s0262,1,97,53,68,59,90
s0263,1,96,71,50,50,74
s0264,1,80,77,77,70,78
s0265,1,55,92,100,55,70
s0266,1,77,54,99,53,99
s0267,1,60,92,74,67,58
s0268,1,53,56,87,92,91
s0269,1,85,96,63,71,71
s0270,1,95,76,64,86,85
s0271,1,62,74,79,80,70
s0272,1,99,97,79,51,94
s0273,1,51,51,59,65,80
s0274,1,69,87,78,85,68
s0275,1,60,63,62,91,83
s0276,1,100,94,56,79,80
s0277,1,92,56,82,78,62
s0278,1,62,97,85,73,72
s0279,1,68,64,80,55,61
s0280,1,52,94,62,73,82
s0281,1,83,90,60,76,77
s0282,1,70,55,71,68,98
s0283,1,80,74,55,55,64
s0284,1,51,71,92,64,65
s0285,1,82,83,68,95,79
s0286,1,57,59,69,74,72
s0287,1,58,67,82,95,73
s0288,1,66,90,61,77,68
s0289,1,84,68,87,98,62
s0290,1,100,91,80,83,89
s0291,1,59,92,87,67,93
s0292,1,81,85,61,61,52
s0293,1,79,73,100,76,95
s0294,1,50,85,66,91,66
s0295,1,90,60,99,50,53
s0296,1,71,57,96,96,59
s0297,1,50,94,99,74,95
s0298,1,62,75,53,81,59
s0299,1,52,72,52,91,79
s0300,1,84,73,72,53,81
s0301,1,64,66,99,68,51
s0302,1,85,89,98,50,67
s0303,1,84,77,65,91,62
s0304,1,82,93,100,69,80
s0305,1,67,100,78,64,87
s0306,1,78,50,51,55,62
s0307,1,68,87,83,83,76
s0308,1,74,88,68,65,66
s0309,1,53,99,82,68,93
s0310,1,87,81,87,93,93
s0311,1,56,91,69,54,51
s0312,1,57,94,80,58,57
s0313,1,67,63,98,82,68
s0314,1,84,72,70,89,95
s0315,1,86,57,76,64,76
s0316,1,74,89,80,75,79
s0317,1,94,66,56,78,68
s0318,1,85,63,77,50,80
s0319,1,87,61,57,59,83
s0320,1,82,97,73,51,60
s0321,1,85,100,59,74,83
s0322,1,79,52,59,57,81
s0323,1,83,94,73,50,78
s0324,1,75,85,59,93,60
s0325,1,84,64,79,85,83
s0326,1,91,72,89,77,62
s0327,1,87,75,63,63,56
s0328,1,92,68,85,53,93
s0329,1,94,83,68,83,92
s0330,1,51,80,85,68,54
s0331,1,68,79,69,50,74
s0332,1,61,81,82,67,92
s0333,1,97,69,92,55,71
s0334,1,69,70,54,60,77
s0335,1,59,88,67,76,75
s0336,1,58,77,56,95,79
s0337,1,64,93,85,93,54
s0338,1,98,76,100,76,73
s0339,1,67,82,93,59,64
s0340,1,58,66,69,67,74
s0341,1,86,80,93,70,88
s0342,1,64,98,96,57,64
s0343,1,86,78,84,71,83
s0344,1,91,92,87,96,91
s0345,1,79,99,51,74,84
s0346,1,92,84,80,65,64
s0347,1,60,81,50,73,58
s0348,1,73,95,53,90,90
s0349,1,56,78,52,56,97
s0350,1,84,97,89,97,92
s0351,1,52,74,61,83,74
s0352,1,68,87,63,74,78
s0353,1,62,56,98,77,80
s0354,1,72,96,92,92,85
s0355,1,72,90,98,74,54
s0356,1,73,68,74,64,86
s0357,1,89,76,69,84,70
s0358,1,53,88,97,65,77
s0359,1,74,76,76,66,77
s0360,1,66,90,61,62,76
s0361,1,87,75,92,96,53
s0362,1,57,87,68,50,79
s0363,1,71,72,62,61,79
s0364,1,97,80,67,65,59
s0365,1,54,90,95,54,79
s0366,1,55,97,86,74,83
s0367,1,97,81,57,66,50
s0368,1,76,55,61,87,81
s0369,1,77,67,89,87,57
s0370,1,94,74,79,86,83
s0371,1,61,67,84,50,75
s0372,1,93,94,80,85,93
s0373,1,81,100,79,51,85
s0374,1,62,55,70,72,100
s0375,1,57,68,90,82,95
s0376,1,87,69,97,95,68
s0377,1,53,71,64,98,91
s0378,1,72,96,72,66,53
s0379,1,89,98,92,84,80
s0380,1,95,99,81,98,52
s0381,1,93,94,63,72,83
s0382,1,83,92,97,76,92
s0383,1,55,85,80,99,62
s0384,1,65,78,97,78,58
s0385,1,80,69,71,52,90
s0386,1,94,61,86,59,82
s0387,1,96,58,91,92,59
s0388,1,90,70,93,51,71
s0389,1,59,90,65,63,63
s0390,1,94,64,74,77,68
s0391,1,52,66,72,73,91
s0392,1,69,95,62,50,55
s0393,1,53,61,97,66,54
s0394,1,83,89,68,75,62
s0395,1,81,85,94,99,84
s0396,1,99,89,88,60,84
s0397,1,67,91,98,82,68
s0398,1,78,53,61,51,84
s0399,1,52,67,74,59,60
s0400,1,82,82,52,77,76
s0401,1,63,72,78,61,70
s0402,1,69,73,60,69,71
s0403,1,59,88,77,57,69
s0404,1,89,94,79,89,61
s0405,1,81,57,68,53,95
s0406,1,99,62,51,89,56
s0407,1,59,93,88,52,93
s0408,1,80,52,63,81,95
s0409,1,94,89,56,50,77
s0410,1,55,73,84,72,80
s0411,1,67,67,72,73,73
s0412,1,56,76,56,97,89
s0413,1,81,63,100,68,68
s0414,1,86,85,72,55,69
s0415,1,95,98,54,78,51
s0416,1,57,63,69,83,60
s0417,1,61,74,87,70,79
s0418,1,94,54,65,84,85
s0419,1,95,69,70,97,82
s0420,1,53,84,99,89,68
s0421,1,63,91,59,73,81
s0422,1,76,51,79,67,84
s0423,1,73,88,96,85,82
s0424,1,99,56,95,57,95
s0425,1,76,72,80,93,94
s0426,1,54,65,86,97,78
s0427,1,71,87,91,76,91
s0428,1,88,79,68,94,91
s0429,1,90,63,73,93,59
s0430,1,65,71,53,84,50
s0431,1,61,97,70,84,80
s0432,1,63,61,98,68,50
s0433,1,52,57,51,73,63
s0434,1,53,64,61,84,99
s0435,1,86,81,89,82,61
s0436,1,66,77,51,59,83
s0437,1,93,79,73,86,52
s0438,1,77,98,62,79,75
s0439,1,67,68,68,86,82
s0440,1,80,85,78,56,58
s0441,1,58,59,58,78,86
s0442,1,95,54,59,86,99
s0443,1,99,88,67,60,68
s0444,1,64,51,80,76,92
s0445,1,73,100,91,77,79
s0446,1,72,71,69,80,61
s0447,1,74,78,81,79,67
s0448,1,51,99,100,88,87
s0449,1,90,80,51,88,67
s0450,1,87,74,72,93,82
s0451,1,85,74,65,91,82
s0452,1,96,63,100,89,89
s0453,1,99,57,97,56,58
s0454,1,71,71,58,75,57
s0455,1,69,53,71,87,96
s0456,1,97,73,62,85,51
s0457,1,68,60,84,65,58
s0458,1,53,97,62,72,52
s0459,1,98,93,82,88,55
s0460,1,94,81,87,73,71
s0461,1,80,96,91,74,97
s0462,1,90,100,97,87,83
s0463,1,82,100,54,62,50
s0464,1,60,78,65,87,70
s0465,1,81,57,54,54,64
s0466,1,99,58,56,66,64
s0467,1,86,72,93,61,70
s0468,1,66,72,80,89,95
s0469,1,93,67,66,72,99
s0470,1,81,91,65,68,66
s0471,1,99,57,53,86,68
s0472,1,76,96,50,77,61
s0473,1,51,73,95,78,100
s0474,1,99,78,77,89,72
s0475,1,65,67,84,65,74
s0476,1,56,80,57,69,96
s0477,1,88,52,54,93,50
s0478,1,99,56,52,97,67
s0479,1,50,67,85,94,62
s0480,1,57,97,92,56,67
s0481,1,74,60,60,58,95
s0482,1,97,74,70,59,81
s0483,1,80,73,79,57,73
s0484,1,95,74,52,51,67
s0485,1,71,98,75,61,98
s0486,1,67,99,81,64,80
s0487,1,65,56,54,83,96
s0488,1,68,74,92,80,79
s0489,1,63,84,51,93,73
s0490,1,56,54,90,56,97
s0491,1,62,71,73,84,60
s0492,1,58,54,62,51,79
s0493,1,56,69,85,62,79
s0494,1,96,97,83,63,58
s0495,1,82,92,74,90,63
s0496,1,51,83,87,94,84
s0497,1,61,53,54,98,72
s0498,1,58,82,94,71,87
s0499,1,56,73,55,91,70
s0500,1,65,76,55,93,70
s0501,1,97,52,81,97,99
s0502,1,53,98,99,64,87
s0503,1,91,98,83,72,64
s0504,1,83,55,88,88,56
s0505,1,53,58,83,51,91
s0506,1,97,70,60,91,76
s0507,1,77,87,69,53,94
s0508,1,74,55,80,99,80
s0509,1,84,52,88,86,74
s0510,1,85,84,72,62,86
s0511,1,77,90,94,74,73
s0512,1,77,59,65,87,57
s0513,1,91,55,89,77,63
s0514,1,87,95,55,94,90
s0515,1,98,70,88,65,57
s0516,1,53,77,90,95,81
s0517,1,62,100,94,79,54
s0518,1,97,67,83,94,89
s0519,1,88,100,95,99,88
s0520,1,58,93,58,67,55
s0521,1,58,82,64,52,70
s0522,1,57,84,95,62,55
s0523,1,62,94,71,93,80
s0524,1,62,51,50,77,100
s0525,1,90,64,95,51,74
s0526,1,59,78,77,89,59
s0527,1,62,75,51,91,56
s0528,1,89,97,56,96,90
s0529,1,86,85,95,67,97
s0530,1,72,79,73,97,96
s0531,1,93,86,69,100,58
s0532,1,52,73,74,98,99
s0533,1,79,98,95,77,55
s0534,1,53,65,56,75,87
s0535,1,54,97,86,72,56
s0536,1,69,88,90,62,59
s0537,1,50,84,63,65,98
s0538,1,76,67,73,58,70
s0539,1,79,86,93,69,92
s0540,1,58,69,58,55,52
s0541,1,82,96,59,93,75
s0542,1,94,67,98,86,90
s0543,1,93,83,96,83,93
s0544,1,61,88,61,68,56
s0545,1,79,70,81,50,81
s0546,1,89,83,52,77,82
s0547,1,64,73,90,72,54
s0548,1,70,90,93,81,65
s0549,1,86,53,80,73,55
s0550,1,80,94,56,60,67
s0551,1,70,86,86,58,83
s0552,1,84,73,92,64,87
s0553,1,85,65,84,96,90
s0554,1,82,83,54,86,97
s0555,1,89,84,96,85,72
s0556,1,53,57,80,100,98
s0557,1,57,59,82,63,64
s0558,1,77,62,86,97,99
s0559,1,81,84,69,90,80
s0560,1,97,54,50,73,79
s0561,1,50,80,57,86,87
s0562,1,53,95,55,84,93
s0563,1,75,57,78,70,87
s0564,1,69,64,61,76,100
s0565,1,51,72,86,90,62
s0566,1,80,69,96,64,60
s0567,1,63,96,81,60,98
s0568,1,79,83,97,90,57
s0569,1,51,70,56,58,99
s0570,1,80,80,80,60,72
s0571,1,98,68,75,83,88
s0572,1,71,74,73,57,77
s0573,1,65,91,60,58,97
s0574,1,63,60,86,68,55
s0575,1,95,95,74,50,75
s0576,1,84,78,51,73,87
s0577,1,99,95,70,56,73
s0578,1,77,78,83,78,94
s0579,1,92,80,83,60,61
s0580,1,56,75,67,60,88
s0581,1,94,72,79,88,83
s0582,1,52,54,78,73,92
s0583,1,91,54,73,65,80
s0584,1,52,95,99,72,62
s0585,1,56,96,70,72,79
s0586,1,96,68,100,96,52
s0587,1,67,82,91,90,55
s0588,1,63,97,76,67,70
s0589,1,74,81,69,79,92
s0590,1,84,98,97,94,80
s0591,1,51,96,66,83,55
s0592,1,74,65,89,76,52
s0593,1,89,70,58,65,58
s0594,1,70,98,78,81,90
s0595,1,59,83,71,87,80
s0596,1,58,50,53,88,89
s0597,1,50,55,71,77,57
s0598,1,69,87,51,73,81
s0599,1,87,70,52,93,87
s0600,1,87,91,90,77,83
s0601,1,61,55,50,78,77
s0602,1,66,71,65,91,87
s0603,1,99,67,73,100,50
s0604,1,71,91,99,92,95
s0605,1,61,54,51,60,60
s0606,1,60,62,68,50,71
s0607,1,89,74,88,78,85
s0608,1,54,81,77,100,55
s0609,1,66,57,76,51,50
s0610,1,99,93,67,99,53
s0611,1,86,93,70,100,78
s0612,1,63,90,86,96,52
s0613,1,51,73,96,89,90
s0614,1,90,87,98,95,84
s0615,1,81,51,95,69,75
s0616,1,72,94,96,93,61
s0617,1,60,90,85,79,79
s0618,1,74,96,78,51,83
s0619,1,78,88,67,93,53
s0620,1,67,52,58,78,54
s0621,1,90,91,64,98,97
s0622,1,55,59,90,64,65
s0623,1,50,81,90,100,50
s0624,1,66,62,81,92,55
s0625,1,57,87,82,94,76
s0626,1,94,64,77,85,82
s0627,1,85,99,85,74,62
s0628,1,97,64,83,99,56
s0629,1,88,69,100,85,55
s0630,1,85,97,97,57,86
s0631,1,97,79,55,69,64
s0632,1,63,79,84,55,86
s0633,1,84,73,88,53,83
s0634,1,59,89,58,91,90
s0635,1,68,66,54,56,58
s0636,1,60,95,69,54,69
s0637,1,68,61,93,89,77
s0638,1,61,96,94,50,57
s0639,1,58,60,89,98,93
s0640,1,88,88,86,54,76
s0641,1,66,57,74,66,51
s0642,1,51,76,63,59,72
s0643,1,76,93,86,64,51
s0644,1,58,78,92,89,55
s0645,1,70,62,77,58,60
s0646,1,88,59,78,62,54
s0647,1,81,89,93,87,96
s0648,1,64,91,85,51,90
s0649,1,84,59,95,54,71
s0650,1,68,88,97,65,90
s0651,1,79,89,54,65,61
s0652,1,76,95,64,78,79
s0653,1,65,87,65,68,51
s0654,1,88,55,68,58,87
s0655,1,51,86,73,69,97
s0656,1,56,60,50,75,73
s0657,1,76,76,57,68,51
s0658,1,64,87,97,93,61
s0659,1,87,61,64,57,81
s0660,1,92,91,70,67,72
s0661,1,66,51,91,85,79
s0662,1,84,57,70,91,86
s0663,1,66,74,58,71,50
s0664,1,62,82,65,57,76
s0665,1,87,50,79,56,98
s0666,1,69,72,77,82,94
s0667,1,100,50,53,58,95
s0668,1,64,83,73,77,55
s0669,1,91,76,89,52,51
s0670,1,78,55,88,90,92
s0671,1,85,71,70,57,75
s0672,1,62,53,88,72,62
s0673,1,80,77,93,74,51
s0674,1,90,100,77,100,90
s0675,1,69,53,82,51,88
s0676,1,85,78,56,100,66
s0677,1,71,55,56,55,66
s0678,1,94,94,87,89,92
s0679,1,80,53,70,91,100
s0680,1,82,63,62,51,57
s0681,1,86,84,85,93,98
s0682,1,84,92,73,82,52
s0683,1,98,68,57,58,58
s0684,1,54,65,50,78,80
s0685,1,84,57,64,97,76
s0686,1,79,53,99,99,74
s0687,1,55,89,66,72,50
s0688,1,84,93,83,83,75
s0689,1,98,97,89,81,83
s0690,1,79,51,99,57,95
s0691,1,75,71,98,56,81
s0692,1,87,73,89,95,67
s0693,1,50,66,61,60,72
s0694,1,70,91,73,54,64
s0695,1,87,85,72,67,100
s0696,1,52,72,68,84,61
s0697,1,88,73,98,52,85
s0698,1,64,84,53,88,60
s0699,1,72,67,51,76,60
s0700,1,57,61,56,52,64
s0701,1,51,87,86,90,90
s0702,1,61,79,96,68,84
s0703,1,57,70,69,63,82
s0704,1,87,77,85,78,83
s0705,1,63,75,67,75,53
s0706,1,76,60,76,88,56
s0707,1,84,81,70,57,64
s0708,1,99,76,88,91,50
s0709,1,60,75,75,77,54
s0710,1,60,60,65,79,56
s0711,1,96,68,70,53,79
s0712,1,61,97,91,74,96
s0713,1,70,74,97,81,90
s0714,1,77,93,50,54,94
s0715,1,71,80,89,58,96
s0716,1,78,86,69,54,86
s0717,1,97,53,81,71,92
s0718,1,97,66,82,65,82
s0719,1,64,57,83,98,94
s0720,1,77,73,86,93,72
s0721,1,80,52,75,98,60
s0722,1,74,51,64,55,91
s0723,1,76,87,78,89,82
s0724,1,55,57,51,69,81
s0725,1,81,75,72,82,78
s0726,1,80,52,82,93,68
s0727,1,78,60,81,74,93
s0728,1,82,67,81,56,99
s0729,1,93,78,83,71,98
s0730,1,90,92,67,68,64
s0731,1,93,58,53,55,81
s0732,1,94,80,85,68,92
s0733,1,54,88,87,61,95
s0734,1,71,59,66,77,50
s0735,1,63,50,84,57,82
s0736,1,87,70,76,51,57
s0737,1,78,86,89,100,98
s0738,1,90,89,53,75,96
s0739,1,62,95,76,79,73
s0740,1,62,66,62,54,79
s0741,1,70,85,94,78,54
s0742,1,89,99,80,73,64
s0743,1,62,98,85,91,59
s0744,1,52,77,63,85,65
s0745,1,61,53,99,60,62
s0746,1,66,63,95,96,55
s0747,1,71,91,62,54,79
s0748,1,98,95,77,86,88
s0749,1,77,87,60,89,55
s0750,1,74,75,59,73,74
s0751,1,65,89,90,86,56
s0752,1,87,59,68,93,93
s0753,1,63,68,53,97,73
s0754,1,54,69,95,81,58
s0755,1,100,73,84,74,71
s0756,1,70,88,83,64,87
s0757,1,73,79,84,71,56
s0758,1,99,68,100,62,82
s0759,1,68,58,81,65,100
s0760,1,63,89,63,76,77
s0761,1,92,76,70,65,97
s0762,1,56,76,94,80,57
s0763,1,52,61,60,97,77
s0764,1,58,54,66,68,82
s0765,1,74,73,73,96,55
s0766,1,85,55,96,84,97
s0767,1,67,97,64,99,81
s0768,1,61,54,55,93,62
s0769,1,60,96,62,82,53
s0770,1,55,60,94,84,51
s0771,1,93,61,63,93,100
s0772,1,91,69,99,84,75
s0773,1,71,75,60,53,76
s0774,1,82,78,93,58,71
s0775,1,61,51,99,65,65
s0776,1,56,90,50,72,73
s0777,1,81,90,82,75,76
s0778,1,83,61,85,99,70
s0779,1,67,97,88,78,71
s0780,1,53,59,67,50,76
s0781,1,52,94,82,56,59
s0782,1,83,75,65,62,76
s0783,1,57,87,55,55,98
s0784,1,93,98,81,96,73
s0785,1,50,93,81,72,97
s0786,1,52,93,97,73,76
s0787,1,52,52,96,94,85
s0788,1,79,52,62,86,88
s0789,1,75,88,86,74,88
s0790,1,92,92,63,68,62
s0791,1,70,55,86,70,62
s0792,1,85,86,84,94,85
s0793,1,57,75,93,84,74
s0794,1,54,86,87,58,64
s0795,1,53,58,54,62,73
s0796,1,81,78,51,75,51
s0797,1,76,80,64,61,96
s0798,1,87,71,83,83,76
s0799,1,77,75,64,97,85
s0800,1,91,66,58,59,90
s0801,1,73,79,78,100,76
s0802,1,72,91,87,84,95
s0803,1,54,72,96,68,77
s0804,1,51,70,89,82,74
s0805,1,59,89,62,67,52
s0806,1,64,98,73,76,80
s0807,1,62,64,99,94,96
s0808,1,66,68,66,86,55
s0809,1,72,73,100,83,62
s0810,1,70,96,96,63,82
s0811,1,93,90,78,58,72
s0812,1,86,79,100,63,95
s0813,1,86,87,90,64,87
s0814,1,66,51,96,93,58
s0815,1,100,81,61,83,93
s0816,1,77,88,56,88,67
s0817,1,95,93,100,70,85
s0818,1,55,92,52,83,55
s0819,1,89,52,55,58,57
s0820,1,88,95,83,77,86
s0821,1,67,61,87,86,90
s0822,1,63,97,67,89,86
s0823,1,94,61,85,63,78
s0824,1,67,98,79,64,79
s0825,1,89,55,65,57,64
s0826,1,89,50,71,73,93
s0827,1,59,78,92,80,50
s0828,1,84,66,74,56,90
s0829,1,83,61,56,53,76
s0830,1,98,87,99,70,71
s0831,1,54,91,79,85,64
s0832,1,78,100,82,86,52
s0833,1,95,58,53,82,96
s0834,1,75,72,100,87,60
s0835,1,99,65,65,78,51
s0836,1,68,69,51,76,67
s0837,1,67,63,96,54,84
s0838,1,95,64,68,74,74
s0839,1,99,98,83,59,88
s0840,1,69,59,64,100,76
s0841,1,55,57,87,67,63
s0842,1,66,82,50,50,62
s0843,1,66,81,76,81,63
s0844,1,59,69,68,66,86
s0845,1,69,79,94,77,54
s0846,1,100,74,50,87,68
s0847,1,60,88,82,51,71
s0848,1,74,63,54,81,74
s0849,1,85,61,58,67,50
s0850,1,55,98,100,59,91
s0851,1,58,66,71,61,64
s0852,1,59,54,82,70,95
s0853,1,69,86,69,96,78
s0854,1,74,76,89,68,94
s0855,1,62,90,97,85,90
s0856,1,50,91,56,59,95
s0857,1,92,97,72,60,61
s0858,1,60,79,99,56,57
s0859,1,54,64,81,76,91
s0860,1,100,73,67,80,57
s0861,1,54,60,64,67,75
s0862,1,89,97,69,69,84
s0863,1,55,70,53,97,71
s0864,1,64,61,53,93,93
s0865,1,96,53,84,88,96
s0866,1,64,52,68,69,71
s0867,1,51,71,60,67,81
s0868,1,87,85,84,73,90
s0869,1,94,76,53,64,65
s0870,1,63,65,77,88,85
s0871,1,89,84,67,78,50
s0872,1,73,72,79,60,62
s0873,1,77,58,65,97,89
s0874,1,54,100,86,99,57
s0875,1,56,86,100,97,57
s0876,1,66,66,61,86,96
s0877,1,68,81,53,81,69
s0878,1,53,82,59,70,60
s0879,1,100,51,72,69,62
s0880,1,64,56,85,52,50
s0881,1,93,84,92,55,62
s0882,1,80,78,83,56,72
s0883,1,58,81,66,75,81
s0884,1,70,52,88,64,59
s0885,1,59,80,89,90,55
s0886,1,67,62,79,96,97
s0887,1,91,88,63,99,94
s0888,1,81,56,63,68,78
s0889,1,66,56,85,73,76
s0890,1,95,76,80,54,100
s0891,1,77,92,82,85,55
s0892,1,51,89,99,71,100
s0893,1,82,94,70,70,73
s0894,1,85,82,89,50,53
s0895,1,66,73,90,58,97
s0896,1,74,68,90,81,80
s0897,1,68,51,84,77,58
s0898,1,89,54,96,76,93
s0899,1,87,84,68,97,80
s0900,1,55,51,78,54,84
s0001,2,75,76,66,99,69
s0002,2,81,99,94,79,71
s0003,2,85,56,70,71,56
s0004,2,96,69,77,87,78
s0005,2,71,88,100,77,85
s0006,2,80,83,59,99,80
s0007,2,66,69,55,80,89
s0008,2,70,86,76,53,50
s0009,2,95,80,57,52,86
s0010,2,95,77,93,90,56
s0011,2,57,57,68,57,99
s0012,2,64,83,57,54,77
s0013,2,92,64,59,99,58
s0014,2,60,83,77,82,98
s0015,2,83,68,83,61,77
s0016,2,79,55,76,82,90
s0017,2,62,85,62,77,80
s0018,2,58,90,99,82,77
s0019,2,59,55,94,68,68
s0020,2,87,63,83,50,90
s0021,2,73,80,63,97,86
s0022,2,99,93,72,99,50
s0023,2,71,66,55,54,92
s0024,2,92,76,76,98,91
s0025,2,69,81,58,90,92
s0026,2,75,96,56,95,93
s0027,2,50,52,71,50,55
s0028,2,58,50,66,72,91
s0029,2,74,85,93,100,84
s0030,2,50,58,70,64,96
s0031,2,81,68,55,96,83
s0032,2,76,67,59,80,90
s0033,2,100,62,86,76,66
s0034,2,60,59,93,87,64
s0035,2,92,87,85,98,100
s0036,2,78,88,69,92,62
s0037,2,79,90,77,98,93
s0038,2,87,92,77,56,73
s0039,2,62,86,67,94,53
s0040,2,64,90,64,81,96
s0041,2,85,95,100,68,58
s0042,2,81,65,70,79,77
s0043,2,56,76,86,92,88
s0044,2,88,66,92,69,80
s0045,2,59,68,61,87,63
s0046,2,82,92,57,73,82
s0047,2,65,68,91,93,94
s0048,2,52,74,87,80,67
s0049,2,87,63,71,64,98
s0050,2,74,50,66,62,77
s0051,2,84,67,78,57,94
s0052,2,50,63,87,86,97
s0053,2,60,54,73,52,64
s0054,2,78,66,100,81,61
s0055,2,56,78,81,81,63
s0056,2,90,78,70,87,68
s0057,2,88,85,53,90,60
s0058,2,90,96,63,67,89
s0059,2,65,76,76,51,98
s0060,2,100,97,92,69,80
s0061,2,99,96,95,78,86
s0062,2,69,79,64,59,78
s0063,2,97,76,71,82,81
s0064,2,72,93,68,73,59
s0065,2,68,80,69,57,95
s0066,2,56,98,79,85,64
s0067,2,72,86,55,50,98
s0068,2,59,77,91,88,85
s0069,2,93,70,83,91,54
s0070,2,66,95,87,95,76
s0071,2,51,71,53,87,71
s0072,2,86,78,78,72,73
s0073,2,87,78,64,73,51
s0074,2,74,75,57,96,78
s0075,2,78,84,94,76,80
s0076,2,59,73,100,81,78
s0077,2,80,93,73,94,60
s0078,2,57,100,57,82,99
s0079,2,77,84,64,91,96
s0080,2,82,72,62,78,55
s0081,2,62,93,83,62,67
s0082,2,58,83,54,57,77
s0083,2,100,96,50,50,100
s0084,2,51,53,72,66,69
s0085,2,51,98,88,71,51
s0086,2,92,66,65,69,98
s0087,2,58,90,62,93,89
s0088,2,93,78,69,97,63
s0089,2,85,100,85,64,63
s0090,2,82,95,50,97,52
s0091,2,97,98,97,78,89
s0092,2,58,91,75,51,78
s0093,2,64,99,76,83,90
s0094,2,64,81,89,79,98
s0095,2,78,74,58,79,67
s0096,2,70,80,73,65,92
s0097,2,89,66,57,97,69
s0098,2,97,50,73,70,96
s0099,2,58,65,52,63,71
s0100,2,81,73,92,50,79
s0101,2,76,72,62,85,94
s0102,2,97,94,57,94,90
s0103,2,51,60,68,51,92
s0104,2,92,80,59,78,96
s0105,2,92,96,54,64,77
s0106,2,74,81,63,67,53
s0107,2,73,51,59,77,50
s0108,2,91,72,96,71,89
s0109,2,86,87,76,59,62
s0110,2,65,84,82,87,77
s0111,2,94,75,82,54,67
s0112,2,58,96,74,78,56
s0113,2,50,65,84,66,96
s0114,2,78,51,78,80,100
s0115,2,67,68,83,60,52
s0116,2,90,97,52,92,65
s0117,2,78,95,95,100,73
s0118,2,66,95,67,100,57
s0119,2,55,54,92,84,80
s0120,2,70,81,89,94,82
s0121,2,65,71,96,76,66
s0122,2,80,87,99,82,62
s0123,2,92,100,67,60,64
s0124,2,86,53,93,90,89
s0125,2,82,70,79,57,69
s0126,2,58,62,85,59,58
s0127,2,87,78,85,91,92
s0128,2,76,61,73,90,76
s0129,2,56,57,73,61,66
s0130,2,60,96,97,94,61
s0131,2,88,79,70,83,53
s0132,2,70,57,89,99,57
s0133,2,80,95,57,58,82
s0134,2,74,76,90,60,62
s0135,2,58,74,59,54,55
s0136,2,85,100,74,55,53
s0137,2,56,93,72,77,58
s0138,2,84,97,74,68,54
s0139,2,60,75,83,66,100
s0140,2,59,92,65,99,83
s0141,2,61,71,84,66,53
s0142,2,96,89,56,76,61
s0143,2,65,79,71,73,89
s0144,2,54,93,70,68,77
s0145,2,57,55,57,62,62
s0146,2,97,57,92,98,67
s0147,2,51,100,50,65,91
s0148,2,81,91,83,81,86
s0149,2,79,61,52,76,53
s0150,2,85,100,56,95,77
s0151,2,83,87,74,76,90
s0152,2,82,53,94,53,58
s0153,2,86,71,65,63,95
s0154,2,90,91,84,63,73
s0155,2,99,52,73,57,60
s0156,2,76,71,50,56,82
s0157,2,61,58,55,96,100
s0158,2,100,73,82,64,84
s0159,2,84,94,86,73,66
s0160,2,91,56,61,51,75
s0161,2,52,99,100,96,74
s0162,2,83,85,88,85,86
s0163,2,90,62,63,85,96
s0164,2,80,76,55,59,67
s0165,2,69,67,94,92,99
s0166,2,90,50,97,97,53
s0167,2,54,62,98,86,88
s0168,2,56,77,52,64,66
s0169,2,74,70,98,90,60
s0170,2,60,52,88,98,92
s0171,2,78,87,89,95,68
s0172,2,81,89,61,84,55
s0173,2,66,96,61,73,69
s0174,2,67,80,51,88,93
s0175,2,77,61,70,51,67
s0176,2,53,93,64,94,70
s0177,2,97,52,75,56,58
s0178,2,70,81,88,100,85
s0179,2,82,59,91,63,51
s0180,2,72,52,89,86,80
s0181,2,58,62,93,59,99
s0182,2,87,50,53,97,56
s0183,2,87,69,71,76,75
s0184,2,89,57,51,55,72
s0185,2,90,72,54,54,95
s0186,2,97,63,93,59,98
s0187,2,56,73,87,68,93
s0188,2,80,80,73,73,81
s0189,2,57,81,98,86,89
s0190,2,83,57,52,81,69
s0191,2,53,72,55,96,55
s0192,2,99,96,76,86,91
s0193,2,64,87,95,84,87
s0194,2,64,64,90,84,90
s0195,2,92,69,97,90,55
s0196,2,62,55,55,62,84
s0197,2,65,54,87,84,72
s0198,2,89,85,51,80,68
s0199,2,73,67,52,55,84
s0200,2,98,78,79,100,100
s0201,2,72,100,73,59,95
s0202,2,88,99,57,77,51
s0203,2,87,89,59,51,76
s0204,2,84,65,51,57,57
s0205,2,51,94,90,68,69
s0206,2,67,75,73,66,100
s0207,2,71,70,73,67,79
s0208,2,68,96,71,96,66
s0209,2,90,95,78,88,58
s0210,2,89,84,68,85,82
s0211,2,100,59,74,61,78
s0212,2,97,100,82,99,89
s0213,2,97,82,69,63,84
s0214,2,65,83,91,78,54
s0215,2,84,62,97,90,52
s0216,2,76,93,67,62,70
s0217,2,76,74,100,60,94
s0218,2,65,83,80,74,84
s0219,2,58,93,74,66,54
s0220,2,93,88,55,71,83
s0221,2,98,86,55,76,53
s0222,2,99,79,58,60,100
s0223,2,91,75,84,63,73
s0224,2,88,58,59,61,98
s0225,2,65,73,65,77,100
s0226,2,75,84,98,75,53
s0227,2,63,75,53,84,58
s0228,2,94,65,81,62,52
s0229,2,73,98,64,99,53
s0230,2,82,86,79,57,67
s0231,2,65,64,50,98,69
s0232,2,62,82,58,66,94
s0233,2,97,84,82,96,78
s0234,2,64,100,91,75,51
s0235,2,100,69,61,57,99
s0236,2,94,59,67,98,76
s0237,2,68,83,56,76,62
s0238,2,56,96,82,88,78
s0239,2,100,65,55,63,53
s0240,2,97,95,97,79,51
s0241,2,59,82,54,87,66
s0242,2,90,99,85,64,53
s0243,2,54,55,73,52,84
s0244,2,82,67,50,81,66
s0245,2,62,89,85,95,74
s0246,2,61,67,91,78,97
s0247,2,91,90,85,56,75
s0248,2,51,76,56,75,58
s0249,2,70,71,59,78,93
s0250,2,60,80,51,76,56
s0251,2,88,65,66,75,93
s0252,2,73,99,79,86,94
s0253,2,78,97,90,98,53
s0254,2,85,93,66,90,91
s0255,2,85,87,60,96,59
s0256,2,99,55,57,62,87
s0257,2,52,93,96,67,89
s0258,2,99,87,54,61,87
s0259,2,91,96,51,70,85
s0260,2,87,79,86,57,70
s0261,2,77,60,99,78,53
s0262,2,59,66,86,93,76
s0263,2,59,52,86,89,77
s0264,2,70,96,61,76,90
s0265,2,100,52,78,65,79
s0266,2,57,71,52,56,57
s0267,2,96,64,100,85,55
s0268,2,55,70,91,97,80
s0269,2,60,89,86,57,83
s0270,2,68,88,65,81,66
s0271,2,98,50,84,74,93
s0272,2,92,65,70,81,87
s0273,2,60,89,72,62,88
s0274,2,63,52,100,71,86
s0275,2,86,73,61,100,70
s0276,2,76,80,61,93,59
s0277,2,73,91,93,64,77
s0278,2,89,83,97,78,81
s0279,2,61,72,85,86,89
s0280,2,89,66,71,74,85
s0281,2,98,83,52,88,85
s0282,2,51,87,99,62,81
s0283,2,71,71,77,52,80
s0284,2,61,79,50,71,91
s0285,2,88,76,65,53,92
s0286,2,96,82,96,79,77
s0287,2,98,80,63,73,62
s0288,2,56,78,99,53,92
s0289,2,87,53,96,61,95
s0290,2,67,66,79,74,88
s0291,2,72,79,100,75,90
s0292,2,53,68,54,72,87
s0293,2,92,90,95,100,74
s0294,2,60,92,80,66,92
s0295,2,71,63,94,91,59
s0296,2,52,79,73,72,62
s0297,2,96,61,94,70,71
s0298,2,55,82,79,51,69
s0299,2,100,72,70,72,53
s0300,2,61,76,61,90,81
s0301,2,82,77,67,94,81
s0302,2,84,66,50,67,77
s0303,2,79,62,90,93,74
s0304,2,51,81,89,68,68
s0305,2,83,50,90,62,100
s0306,2,84,59,99,73,50
s0307,2,88,62,93,85,65
s0308,2,91,50,69,90,97
s0309,2,96,56,60,55,89
s0310,2,92,60,69,60,97
s0311,2,96,69,73,97,61
s0312,2,98,95,62,82,52
s0313,2,79,98,92,63,62
s0314,2,54,60,62,71,72
s0315,2,89,87,96,91,91
s0316,2,73,98,92,64,80
s0317,2,93,84,55,92,89
s0318,2,59,54,59,93,91
s0319,2,98,72,95,97,84
s0320,2,69,85,74,56,88
s0321,2,85,84,98,65,98
s0322,2,76,57,91,81,52
s0323,2,50,72,84,86,62
s0324,2,69,85,78,59,95
s0325,2,86,77,80,66,82
s0326,2,71,87,93,74,89
s0327,2,96,57,100,74,72
s0328,2,73,94,62,100,76
s0329,2,91,60,72,88,77
s0330,2,61,88,91,59,54
s0331,2,82,69,97,63,64
s0332,2,88,96,61,100,59
s0333,2,79,65,50,86,57
s0334,2,64,83,100,96,50
s0335,2,85,58,92,87,53
s0336,2,72,70,56,85,62
s0337,2,88,75,72,66,78
s0338,2,81,80,95,88,63
s0339,2,50,88,86,71,55
s0340,2,68,63,54,71,87
s0341,2,65,90,51,69,82
s0342,2,93,56,94,78,64
s0343,2,83,67,51,54,53
s0344,2,56,92,51,67,98
s0345,2,90,88,59,81,87
s0346,2,52,72,83,63,71
s0347,2,65,60,88,87,92
s0348,2,58,88,78,77,53
s0349,2,63,53,74,62,89
s0350,2,93,63,68,84,92
s0351,2,52,53,74,50,67
s0352,2,80,58,59,50,91
s0353,2,78,56,96,50,83
s0354,2,54,58,64,93,87
s0355,2,98,89,66,67,78
s0356,2,62,98,78,59,99
s0357,2,89,60,55,78,85
s0358,2,98,92,56,68,52
s0359,2,92,56,97,83,91
s0360,2,96,71,88,50,98
s0361,2,76,61,92,52,89
s0362,2,93,64,93,85,68
s0363,2,99,82,79,81,67
s0364,2,69,81,86,86,89
s0365,2,59,83,94,89,64
s0366,2,92,94,73,72,92
s0367,2,52,83,62,65,90
s0368,2,52,58,97,53,78
s0369,2,66,83,80,99,94
s0370,2,65,76,57,97,63
s0371,2,61,87,59,96,59
s0372,2,76,64,71,72,65
s0373,2,80,91,58,69,69
s0374,2,67,97,98,87,66
s0375,2,59,98,85,82,76
s0376,2,81,68,81,62,65
s0377,2,84,66,78,91,100
s0378,2,68,68,66,92,92
s0379,2,77,91,55,94,89
s0380,2,96,100,63,91,96
s0381,2,52,79,78,54,60
s0382,2,66,63,93,80,92
s0383,2,99,92,76,61,59
s0384,2,70,52,66,92,76
s0385,2,89,74,89,53,84
s0386,2,83,99,70,58,54
s0387,2,78,63,71,85,65
s0388,2,58,56,65,91,60
s0389,2,83,50,65,83,63
s0390,2,78,58,78,61,80
s0391,2,63,85,84,67,86
s0392,2,85,78,93,82,83
s0393,2,82,72,55,67,86
s0394,2,70,69,100,72,62
s0395,2,63,72,83,60,92
s0396,2,76,84,89,50,97
s0397,2,59,84,72,55,59
s0398,2,65,61,74,84,78
s0399,2,81,88,97,58,95
s0400,2,68,68,75,97,88
s0401,2,61,94,71,69,63
s0402,2,90,73,83,96,76
s0403,2,61,71,50,55,81
s0404,2,99,75,70,52,65
s0405,2,60,53,54,86,64
s0406,2,61,98,52,83,74
s0407,2,56,78,92,53,66
s0408,2,74,65,78,79,63
s0409,2,53,54,96,53,60
s0410,2,84,76,63,70,57
s0411,2,87,70,77,70,89
s0412,2,54,58,64,65,89
s0413,2,62,82,70,87,91
s0414,2,65,82,77,63,97
s0415,2,65,100,58,68,88
s0416,2,62,56,63,60,87
s0417,2,98,84,88,78,60
s0418,2,91,56,52,71,84
s0419,2,60,50,79,80,76
s0420,2,77,73,55,58,76
s0421,2,97,78,55,81,83
s0422,2,79,93,56,51,83
s0423,2,53,82,87,64,79
s0424,2,92,71,72,56,75
s0425,2,60,70,93,79,51
s0426,2,80,52,50,60,74
s0427,2,50,65,94,70,70
s0428,2,85,79,78,98,91
s0429,2,97,73,66,74,82
s0430,2,78,95,50,94,100
s0431,2,77,55,93,57,89
s0432,2,77,50,67,68,62
s0433,2,81,96,66,67,52
s0434,2,65,56,70,81,52
s0435,2,83,94,78,73,98
s0436,2,58,95,65,88,97
s0437,2,51,56,77,92,83
s0438,2,90,67,61,54,59
s0439,2,88,90,59,77,77
s0440,2,63,70,100,61,73
s0441,2,89,93,79,74,64
s0442,2,76,60,53,79,92
s0443,2,71,56,55,62,52
s0444,2,72,58,90,64,86
s0445,2,51,85,64,80,68
s0446,2,57,90,77,65,100
s0447,2,57,86,99,68,52
s0448,2,96,52,51,86,70
s0449,2,83,76,55,66,84
s0450,2,81,73,75,80,88
s0451,2,50,66,55,55,85
s0452,2,97,85,56,53,94
s0453,2,92,85,63,59,72
s0454,2,69,64,66,53,68
s0455,2,97,89,94,66,93
s0456,2,53,99,91,87,93
s0457,2,77,93,92,85,58
s0458,2,88,99,71,64,69
s0459,2,73,67,54,54,87
s0460,2,71,62,96,55,61
s0461,2,68,97,87,66,98
s0462,2,83,73,51,78,71
s0463,2,63,50,86,66,97
s0464,2,84,66,95,81,52
s0465,2,98,75,59,80,75
s0466,2,88,66,58,62,87
s0467,2,71,86,78,81,77
s0468,2,55,78,68,72,88
s0469,2,76,93,52,57,97
s0470,2,69,68,60,95,86
s0471,2,100,65,84,91,59
s0472,2,71,63,56,86,51
s0473,2,90,75,50,99,55
s0474,2,67,67,76,92,69
s0475,2,73,100,70,79,67
s0476,2,75,87,86,65,89
s0477,2,94,83,66,61,77
s0478,2,53,97,96,73,89
s0479,2,87,65,58,95,51
s0480,2,55,55,82,92,79
s0481,2,99,62,77,60,78
s0482,2,56,96,85,54,68
s0483,2,58,88,64,60,69
s0484,2,82,83,85,95,93
s0485,2,57,60,53,64,93
s0486,2,51,87,56,87,88
s0487,2,54,60,70,66,73
s0488,2,79,73,78,93,56
s0489,2,70,89,56,82,83
s0490,2,71,89,91,60,54
s0491,2,89,64,95,100,70
s0492,2,74,77,50,96,64
s0493,2,87,89,83,63,87
s0494,2,72,82,53,85,53
s0495,2,74,67,51,55,51
s0496,2,73,83,54,66,61
s0497,2,55,70,66,64,96
s0498,2,51,77,97,50,90
s0499,2,79,79,69,84,87
s0500,2,83,71,93,54,78
s0501,2,54,60,72,89,53
s0502,2,63,98,100,70,51
s0503,2,87,69,81,51,62
s0504,2,99,58,82,71,60
s0505,2,83,81,73,80,81
s0506,2,57,95,64,75,63
s0507,2,97,56,96,54,51
s0508,2,58,88,86,50,93
s0509,2,52,80,88,78,70
s0510,2,52,76,81,93,84
s0511,2,61,74,72,86,55
s0512,2,79,59,83,87,73
s0513,2,100,87,73,65,65
s0514,2,95,85,83,74,100
s0515,2,78,97,73,60,56
s0516,2,88,78,57,82,54
s0517,2,81,78,88,57,52
s0518,2,63,66,64,69,62
s0519,2,83,82,87,68,83
s0520,2,75,63,81,97,63
s0521,2,53,53,88,71,85
s0522,2,87,73,55,60,92
s0523,2,88,68,76,93,70
s0524,2,84,65,98,92,50
s0525,2,67,84,100,59,100
s0526,2,64,98,69,60,90
s0527,2,64,94,54,65,100
s0528,2,91,72,65,76,90
s0529,2,93,98,89,66,88
s0530,2,62,52,71,72,87
s0531,2,82,51,94,93,96
s0532,2,75,75,55,66,75
s0533,2,91,99,62,84,73
s0534,2,86,80,93,52,68
s0535,2,96,50,100,73,63
s0536,2,59,83,71,95,83
s0537,2,81,100,79,57,67
s0538,2,98,78,75,70,62
s0539,2,81,61,65,55,55
s0540,2,83,52,79,80,61
s0541,2,66,100,82,79,66
s0542,2,78,54,59,67,57
s0543,2,59,53,86,79,91
s0544,2,78,61,95,71,59
s0545,2,61,92,65,79,51
s0546,2,59,79,72,58,53
s0547,2,80,62,87,84,52
s0548,2,50,99,55,74,71
s0549,2,63,97,80,53,71
s0550,2,92,65,52,55,79
s0551,2,81,98,80,62,66
s0552,2,66,53,86,76,89
s0553,2,94,69,88,98,90
s0554,2,94,57,50,100,70
s0555,2,53,72,94,79,65
s0556,2,98,79,58,82,93
s0557,2,64,90,59,67,80
s0558,2,76,97,95,75,85
s0559,2,70,90,69,97,70
s0560,2,74,58,81,97,65
s0561,2,73,83,95,71,57
s0562,2,92,86,97,69,73
s0563,2,58,64,99,56,50
s0564,2,67,71,87,91,59
s0565,2,59,58,94,75,57
s0566,2,63,60,95,88,69
s0567,2,71,62,84,93,58
s0568,2,84,90,61,52,75
s0569,2,90,91,86,56,77
s0570,2,67,78,100,52,87
s0571,2,88,52,100,93,73
s0572,2,72,76,51,77,68
s0573,2,63,53,61,76,52
s0574,2,99,57,63,88,90
s0575,2,98,82,87,62,61
s0576,2,70,62,70,96,94
s0577,2,54,69,79,89,61
s0578,2,74,80,84,66,57
s0579,2,70,63,62,79,74
s0580,2,73,81,90,67,70
s0581,2,68,64,97,72,55
s0582,2,83,93,59,87,95
s0583,2,50,54,79,82,66
s0584,2,65,76,73,80,99
s0585,2,84,91,98,57,97
s0586,2,79,83,98,54,65
s0587,2,58,96,74,62,98
s0588,2,100,56,57,59,70
s0589,2,65,72,58,84,82
s0590,2,87,64,62,57,73
s0591,2,65,53,94,64,84
s0592,2,80,87,71,58,58
s0593,2,61,62,95,99,79
s0594,2,87,62,60,65,73
s0595,2,90,84,52,73,98
s0596,2,94,66,53,66,85
s0597,2,82,93,64,72,56
s0598,2,87,84,71,95,63
s0599,2,57,100,64,68,93
s0600,2,56,65,66,67,71
s0601,2,67,68,93,55,68
s0602,2,98,56,87,78,62
s0603,2,95,54,91,63,56
s0604,2,55,87,77,72,67
s0605,2,69,61,87,54,70
s0606,2,91,58,94,60,60
s0607,2,62,99,63,67,62
s0608,2,87,51,87,60,72
s0609,2,59,67,78,74,57
s0610,2,65,59,55,78,85
s0611,2,76,72,100,63,83
s0612,2,60,69,72,57,96
s0613,2,64,58,68,93,68
s0614,2,90,82,62,97,50
s0615,2,90,59,75,92,83
s0616,2,56,57,94,84,99
s0617,2,82,53,72,54,100
s0618,2,86,64,93,58,86
s0619,2,53,67,54,53,87
s0620,2,61,92,94,100,98
s0621,2,94,98,60,56,81
s0622,2,83,63,70,68,97
s0623,2,50,54,93,60,77
s0624,2,85,61,99,74,89
s0625,2,99,62,69,59,71
s0626,2,63,86,82,91,74
s0627,2,86,80,91,94,95
s0628,2,95,81,54,54,100
s0629,2,100,74,54,57,98
s0630,2,62,62,95,78,87
s0631,2,53,80,57,62,59
s0632,2,76,94,74,55,84
s0633,2,56,93,55,90,88
s0634,2,73,54,60,80,78
s0635,2,100,74,66,59,63
s0636,2,97,100,52,99,78
s0637,2,95,79,66,99,69
s0638,2,88,51,94,100,89
s0639,2,68,80,93,86,69
s0640,2,68,61,92,89,57
s0641,2,77,76,95,86,96
s0642,2,65,89,86,83,59
s0643,2,89,90,74,100,89
s0644,2,89,74,81,100,88
s0645,2,73,61,54,50,80
s0646,2,63,88,65,66,100
s0647,2,61,93,78,79,76
s0648,2,75,69,80,96,54
s0649,2,81,53,94,80,89
s0650,2,87,72,65,69,66
s0651,2,72,100,55,90,56
s0652,2,92,88,94,93,54
s0653,2,58,66,87,71,99
s0654,2,82,93,54,67,50
s0655,2,80,85,50,70,52
s0656,2,63,64,82,76,83
s0657,2,50,61,54,50,58
s0658,2,79,100,77,85,68
s0659,2,64,61,59,77,78
s0660,2,70,58,77,77,53
s0661,2,93,52,62,54,87
s0662,2,89,97,67,54,89
s0663,2,67,92,86,67,91
s0664,2,65,65,98,94,72
s0665,2,58,81,73,81,60
s0666,2,98,83,87,72,72
s0667,2,89,99,86,94,72
s0668,2,99,61,55,77,83
s0669,2,84,58,67,94,50
s0670,2,87,64,72,68,66
s0671,2,97,60,81,94,60
s0672,2,77,65,64,63,97
s0673,2,76,70,71,92,56
s0674,2,59,100,71,100,90
s0675,2,66,78,95,80,64
s0676,2,72,100,100,79,93
s0677,2,68,87,61,57,98
s0678,2,55,81,100,80,98
s0679,2,56,91,80,81,76
s0680,2,93,87,77,62,53
s0681,2,67,78,74,91,51
s0682,2,87,78,54,53,81
s0683,2,55,99,63,96,75
s0684,2,50,57,84,50,92
s0685,2,82,82,77,56,78
s0686,2,89,99,61,53,72
s0687,2,91,68,55,82,58
s0688,2,82,63,84,85,96
s0689,2,60,84,57,89,78
s0690,2,99,75,82,76,96
s0691,2,92,52,95,98,86
s0692,2,81,61,93,82,72
s0693,2,92,67,54,60,88
s0694,2,55,52,60,54,70
s0695,2,95,94,81,67,53
s0696,2,62,98,62,50,90
s0697,2,65,95,75,72,64
s0698,2,53,94,68,59,55
s0699,2,78,79,78,66,81
s0700,2,81,71,52,63,53
s0701,2,78,58,93,53,55
s0702,2,54,60,99,71,97
s0703,2,88,75,52,69,96
s0704,2,74,88,78,74,62
s0705,2,92,92,90,73,60
s0706,2,91,59,91,90,69
s0707,2,79,96,61,81,81
s0708,2,53,77,67,73,70
s0709,2,72,73,66,63,67
s0710,2,68,59,66,71,71
s0711,2,53,58,67,65,82
s0712,2,77,76,78,98,71
s0713,2,52,73,88,88,87
s0714,2,82,84,98,81,93
s0715,2,77,93,80,100,71
s0716,2,72,57,76,82,93
s0717,2,65,52,96,63,68
s0718,2,64,77,79,97,66
s0719,2,83,97,74,50,64
s0720,2,97,76,87,75,74
s0721,2,69,69,67,59,64
s0722,2,82,88,62,57,64
s0723,2,76,61,82,91,69
s0724,2,50,90,66,50,93
s0725,2,84,82,97,95,88
s0726,2,80,78,52,69,79
s0727,2,79,66,98,89,81
s0728,2,84,90,74,55,65
s0729,2,58,96,97,65,84
s0730,2,54,85,63,53,84
s0731,2,79,67,93,60,59
s0732,2,67,69,52,90,70
s0733,2,55,89,81,69,67
s0734,2,61,55,81,78,63
s0735,2,90,93,53,57,52
s0736,2,93,58,67,61,84
s0737,2,82,75,62,58,71
s0738,2,90,99,98,90,80
s0739,2,69,74,92,86,99
s0740,2,52,86,69,58,52
s0741,2,57,83,75,79,85
s0742,2,66,51,95,87,86
s0743,2,71,78,73,77,83
s0744,2,94,72,89,58,94
s0745,2,79,77,82,85,78
s0746,2,82,51,78,58,92
s0747,2,84,89,82,54,84
s0748,2,96,95,78,86,96
s0749,2,75,61,77,59,60
s0750,2,88,80,50,65,61
s0751,2,98,68,100,76,65
s0752,2,94,95,63,72,67
s0753,2,93,66,51,50,81
s0754,2,89,93,82,53,53
s0755,2,75,95,85,90,81
s0756,2,98,69,69,85,56
s0757,2,91,85,78,58,67
s0758,2,81,51,74,52,83
s0759,2,97,52,91,63,96
s0760,2,62,71,50,70,99
s0761,2,55,91,100,95,89
s0762,2,57,63,98,91,95
s0763,2,57,92,79,68,79
s0764,2,98,73,81,55,99
s0765,2,65,57,53,96,97
s0766,2,56,53,90,88,87
s0767,2,61,84,84,91,90
s0768,2,53,59,88,84,54
s0769,2,66,94,71,85,97
s0770,2,82,89,61,91,87
s0771,2,58,67,70,53,75
s0772,2,93,88,78,100,55
s0773,2,97,54,74,75,53
s0774,2,56,65,70,60,65
s0775,2,97,97,50,96,55
s0776,2,62,51,92,74,90
s0777,2,66,81,56,62,77
s0778,2,69,82,97,95,72
s0779,2,78,59,71,50,85
s0780,2,100,60,74,91,84
s0781,2,86,90,54,56,58
s0782,2,69,59,75,73,76
s0783,2,62,52,94,85,81
s0784,2,63,77,87,96,52
s0785,2,89,75,50,85,59
s0786,2,84,65,55,98,70
s0787,2,94,60,87,96,100
s0788,2,79,52,79,53,63
s0789,2,61,97,88,92,62
s0790,2,88,59,62,85,51
s0791,2,93,74,76,75,74
s0792,2,96,58,52,64,61
s0793,2,85,78,64,67,91
s0794,2,91,91,62,85,70
s0795,2,95,87,52,93,59
s0796,2,90,83,55,97,74
s0797,2,64,77,89,83,52
s0798,2,56,64,63,57,61
s0799,2,77,72,62,58,50
s0800,2,90,84,100,77,60
s0801,2,91,100,56,70,54
s0802,2,67,88,87,69,87
s0803,2,95,61,100,72,69
s0804,2,63,50,56,63,72
s0805,2,87,94,50,97,100
s0806,2,57,57,53,90,77
s0807,2,75,80,61,52,52
s0808,2,90,50,87,90,88
s0809,2,83,75,69,83,53
s0810,2,85,98,78,87,66
s0811,2,78,76,87,54,92
s0812,2,88,96,57,85,64
s0813,2,81,59,70,84,52
s0814,2,73,96,81,73,75
s0815,2,97,86,54,58,61
s0816,2,57,63,68,82,61
s0817,2,83,96,56,50,60
s0818,2,87,50,52,55,74
s0819,2,54,59,86,77,64
s0820,2,52,90,100,99,52
s0821,2,95,99,64,62,72
s0822,2,56,86,77,96,92
s0823,2,69,54,85,81,50
s0824,2,58,83,58,97,76
s0825,2,81,70,100,50,90
s0826,2,60,60,53,85,86
s0827,2,66,78,64,96,69
s0828,2,62,89,53,77,57
s0829,2,75,96,57,53,83
s0830,2,51,57,81,88,77
s0831,2,94,90,70,66,85
s0832,2,77,94,80,62,93
s0833,2,50,85,77,69,90
s0834,2,66,70,89,52,72
s0835,2,81,93,98,64,74
s0836,2,58,74,94,70,100
s0837,2,53,98,79,84,58
s0838,2,87,72,66,67,76
s0839,2,81,78,82,55,74
s0840,2,71,54,62,70,52
s0841,2,62,61,77,63,93
s0842,2,52,80,86,54,52
s0843,2,69,98,56,59,100
s0844,2,86,55,58,90,70
s0845,2,71,55,66,87,52
s0846,2,68,83,69,91,90
s0847,2,80,90,50,100,64
s0848,2,59,84,67,61,84
s0849,2,60,74,60,62,84
s0850,2,91,97,54,80,74
s0851,2,68,51,91,72,86
s0852,2,95,99,81,82,68
s0853,2,65,76,91,81,90
s0854,2,98,92,54,99,61
s0855,2,74,96,73,58,85
s0856,2,50,73,63,55,72
s0857,2,100,96,65,68,61
s0858,2,78,86,87,85,87
s0859,2,93,53,56,60,70
s0860,2,100,66,83,81,85
s0861,2,88,83,71,72,63
s0862,2,63,100,98,86,97
s0863,2,87,76,80,84,66
s0864,2,86,59,54,98,99
s0865,2,97,57,65,54,52
s0866,2,96,92,95,96,76
s0867,2,93,93,90,54,92
s0868,2,75,68,59,80,93
s0869,2,79,58,75,78,96
s0870,2,62,65,65,60,90
s0871,2,97,77,58,60,94
s0872,2,64,76,90,65,68
s0873,2,67,71,56,89,91
s0874,2,93,99,60,53,93
s0875,2,68,81,84,64,75
s0876,2,64,78,85,61,78
s0877,2,85,90,89,80,92
s0878,2,96,52,54,85,79
s0879,2,99,54,76,90,54
s0880,2,90,82,97,83,65
s0881,2,66,95,91,69,62
s0882,2,75,86,98,62,60
s0883,2,60,62,68,58,72
s0884,2,82,66,79,50,58
s0885,2,64,70,91,92,55
s0886,2,86,60,66,60,61
s0887,2,66,68,70,72,77
s0888,2,64,79,65,92,77
s0889,2,62,54,51,96,53
s0890,2,61,69,90,70,99
s0891,2,91,68,67,96,92
s0892,2,54,99,73,82,94
s0893,2,87,82,70,56,91
s0894,2,100,69,99,74,98
s0895,2,53,51,67,59,51
s0896,2,75,99,80,98,68
s0897,2,66,65,54,70,84
s0898,2,69,86,70,88,51
s0899,2,91,92,52,51,55
s0900,2,90,73,93,56,92
s0901,1,0,0,0,0,0
s0901,2,0,0,0,0,0
